0 129
0 196
1 256
1 41
1 285
1 359
2 145
2 398
3 307
3 268
3 171
3 15
4 224
4 107
4 276
4 78
5 121
5 91
5 380
5 335
6 49
6 23
7 194
7 45
8 204
8 311
9 141
9 270
10 108
10 282
10 131
10 372
11 290
11 27
11 236
11 26
12 195
12 164
12 14
12 407
13 96
13 170
14 396
14 407
14 287
15 280
15 307
15 191
16 72
16 252
16 274
16 308
17 232
17 388
18 169
18 81
18 238
18 167
19 52
19 269
20 73
20 383
20 182
20 31
21 26
21 101
21 253
21 373
22 384
22 148
22 30
22 391
23 49
23 39
23 255
24 233
24 362
24 66
24 329
25 137
25 244
25 134
25 54
26 290
26 101
27 32
27 112
27 236
28 272
28 329
28 173
28 94
29 197
29 375
30 391
31 184
31 73
31 289
32 112
32 260
32 198
33 34
33 341
34 340
34 341
34 293
35 104
35 56
35 242
35 159
36 187
36 119
37 297
37 202
38 90
38 100
39 255
40 310
40 263
41 120
41 234
41 359
42 320
42 45
43 144
43 331
44 75
44 190
45 320
45 194
46 408
46 96
47 99
47 230
48 361
48 50
48 91
48 186
49 327
49 245
50 361
51 113
51 204
51 182
51 63
52 264
52 82
52 269
53 74
53 214
54 373
54 134
54 109
55 234
55 124
55 122
55 174
56 159
57 410
57 372
57 302
57 343
58 162
58 203
58 334
58 94
59 304
59 60
60 304
61 193
61 322
62 352
62 331
63 182
64 128
64 305
64 346
64 347
65 296
65 136
65 123
65 275
66 329
66 131
66 262
67 337
67 132
68 97
68 363
69 281
69 90
69 395
69 389
70 163
70 254
71 176
71 153
71 146
71 319
72 241
72 252
72 288
73 267
73 382
74 400
74 345
74 214
75 401
75 187
75 190
76 89
76 154
76 217
76 191
77 272
77 338
78 320
78 276
78 294
79 202
79 371
79 250
79 223
80 228
80 247
81 238
82 264
82 376
82 106
83 321
83 102
84 364
84 221
85 330
85 219
85 258
85 103
86 387
86 357
87 208
87 175
87 380
87 287
88 110
88 183
89 191
90 100
90 389
91 121
91 186
92 179
92 236
93 337
93 309
94 329
94 162
95 360
95 147
96 408
96 170
97 363
98 355
98 102
99 168
99 226
99 230
100 157
100 125
101 393
101 302
102 355
102 321
103 106
103 219
103 399
104 242
105 368
105 382
106 376
106 399
107 224
108 282
109 403
109 158
109 373
110 183
111 328
111 123
112 381
112 126
113 204
114 264
114 148
115 172
115 151
116 409
116 218
117 305
117 165
118 403
118 231
119 153
119 187
119 358
120 184
120 234
120 308
122 174
123 328
123 136
124 234
125 157
126 249
126 332
126 381
127 336
127 341
128 347
128 142
128 406
129 196
130 312
130 239
130 164
130 263
131 372
131 262
132 371
132 337
132 364
133 313
133 195
133 261
133 365
135 321
135 266
136 212
136 167
137 139
137 244
137 185
138 306
138 143
139 185
140 210
140 197
141 179
141 395
141 270
142 406
143 306
144 331
144 290
144 358
145 284
145 349
145 398
146 153
147 360
147 343
147 294
148 264
148 384
149 210
149 219
149 229
149 350
150 154
150 366
151 156
151 172
151 383
152 296
152 211
153 358
154 217
154 366
155 165
155 206
156 383
158 403
160 299
160 300
161 178
161 397
163 254
163 356
163 390
164 195
164 263
165 305
165 206
166 304
166 350
167 169
167 212
168 226
168 298
168 330
171 268
173 272
175 208
175 235
175 207
176 319
177 270
177 215
178 386
178 397
178 281
179 236
179 395
180 339
180 222
180 374
180 359
181 328
181 247
182 383
183 315
183 335
184 289
184 308
187 401
188 393
188 370
188 258
188 189
189 292
189 378
189 258
191 280
192 268
192 279
193 260
193 322
193 348
195 261
196 240
196 246
197 210
197 375
198 273
198 260
198 254
199 387
199 253
200 360
200 385
201 269
201 342
202 297
202 223
203 334
204 311
205 323
205 374
207 235
209 375
209 351
210 229
211 296
212 407
212 262
213 248
213 252
213 340
213 265
214 216
214 227
215 270
216 227
218 409
219 350
220 353
220 326
221 400
221 364
221 251
222 374
224 369
224 333
225 250
225 277
228 247
229 326
229 295
231 403
232 388
232 291
232 292
233 362
233 318
233 271
237 285
237 301
239 312
239 392
239 259
240 246
241 379
241 243
241 288
242 298
242 284
243 379
245 327
246 266
246 378
247 328
248 405
248 257
248 265
249 332
250 371
250 277
251 400
251 410
251 307
252 340
253 387
253 373
254 273
255 408
255 345
256 285
257 405
258 330
259 392
260 348
262 407
263 310
266 321
266 378
267 382
268 279
269 342
271 318
272 338
274 282
274 347
274 308
275 296
277 324
277 354
278 314
278 406
280 409
280 325
281 395
281 386
282 347
283 376
283 299
284 298
284 349
285 301
286 354
286 404
287 396
287 380
290 358
291 292
292 378
293 340
294 320
294 343
295 326
298 330
299 376
299 300
302 372
302 393
303 363
303 310
304 350
305 346
306 316
306 402
307 410
309 337
310 363
313 365
314 406
315 335
316 402
317 344
317 338
323 374
324 354
325 409
326 353
331 352
333 369
335 380
336 341
338 344
339 359
343 410
345 400
345 408
346 402
346 367
351 375
354 404
356 390
357 387
360 385
364 371
367 402
368 382
370 393
377 394
377 398
394 398
